          0 0000000000110010111111111111011100000000001011101111111111110110000000000011001111111111111111010000000000110111111111111111100000000000000100011111111111011101000000000000111011111111111011000000000001100000000000001011010000000000001110110000000000000000
          1 1111111000110101000000000001000100000000001110110000000000001101000000000100110111111111101110110000000000111000000000000000011100000000001101110000000000000001000000000011111000000000000000000000000000111110111111111111111000000000001111100000000000000011
          2 0000000001101011000000000010111000000000011000010000000000101010000000000101101100000000001010000000000001100000000000000010000111111111101011010000000010101110000000000101010000000000000101101111111001001110000000000001010100000000010011100000000000010101
          3 1111111110011001111111110111110100000001000010100000000100010011000000000111101100000000000011110000000011110111000000001010111000000000101110110000000001110000000000001001000000000000010111110000000010001101000000000100011100000000011110110000000001000011
          4 1111111111001011111111111011101111111111110011011111111110110100111111111100011011111111101001001111111110101000111111111001000111111111100100111111111110000110000000000110011011111111010001100000000001000101000000001000110111111110111110110000000000101011
          5 1111111101010110111111101111011011111111111110101111111111001101111111101101111100000000101001011111111111110001111111111101010111111111111011011111111111010101111111111110110011111111110100101111111111101011111111111110101111111111110111101111111111000110
          6 0000000000001010111111111110100100000000000010001111111111101011000000000000101011111111111010100000000000000110111111101110110000000000011110000000000110011100000000000000001111111111111010010000000000001010000000010110010111111111111110111111111111100101
          7 1111111111100001111111101011011100000000001001100000000000001011000000000000101011111111111110110000000000001011111111111111110000000000000010111111111111111000000000000000100011111111111101010000000000000000111111111111111000000000001000011111111111100000
          8 0000000000011000000000000001001000000000000110100000000000001101000000000001011100000000000010100000000000010011000000000000101000000000000001100000000000000011000000000011100000000000000100010000000000010110000000010001000000000000000100100000000000000011
          9 1111111100011111000000000101100111111111011101011111111100101011111111110101010011111110100010000000000011100110000000000010011000000000011011100000000001111000000000000100100000000000010011100000000000111100000000000011110000000000010001110000000000111000
         10 1111111111110110111111111101100111111111111110101111111111011001111111111111010111111111110110111111111111110001111111111101001111111110101010111111111111001001111111111110010011111111101001111111111010110001111111110110000111111111110100101111111110101100
         11 1111111011111001111111110010101100000001000001000000000000001010111111111111111111111111111101100000000000001000111111111101100100000000000000111111111111100100000000000000000111111111111001101111111111111111111111111110010111111111111110101111111111100010
         12 0000000000000001111111111111010100000000000100101111111111101101000000000000010011111111111101000000000000000101111111111111011000000001000000111111111011110011000000000101100011111110100100110000000000001011111111111011010111111111010011111111111110100001
         13 1111111101110000000000001000000100000000000000101111111111111100111111110000100111111111101111101111111111111010111111111111001100000000000011011111111111110111000000000000010011111111111111000000000000000101111111111111011000000000000000011111111111110111
         14 0000000000000010111111111111101011111111111111011111111111110101000000000000110111111111111111110000000000001000111111111111110100000000110011110000000101001011000000000000100111111111111110111111111100011101111111110101010111111111111101111111111111110101
         15 0000000000001001111111101101011111111111111110001111111111111110000000000000011100000000000000010000000000000111111111111111111011111111111110111111111111101011000000000000100000000000000000100000000000000110111111111111111100000000000001101111111111111011
         16 0000000000000110000000000000000100000000000010001111111111111110111111111111101100000000000101010000000000000111000000000000001000000000000001111111111111111111111111111111100000000000000000100000000000001000000000010010101000000000000001010000000000000000
         17 1111111100011101000000001010101100000000000010010000000000000101000000001100111111111110101101010000000000001000000000000000001100000000000011010000000000000001111111111111111000000000000010100000000000000010000000000000010000000000000001100000000000000101
         18 0000000000000111000000000000101000000000000001010000000000000100000000000000111100000000000010001111111111111010000000000000110111111111000010010000000001000010000000000000001000000000000001001111111101110000111111110111111111111111111110000000000000001011
         19 0000000000001001000000000100101100000000010110000000000101101101000000010000001100000001000011010000000000000101000000000000101000000000000000110000000000001100000000000001001000000000000100110000000000000001000000000000101100000000000000010000000000001001
         20 1111111111111111000000000001101100000000000000010000000000011010000000000000001000000000000111000000000000001000000000000010011111111111111111110000000000001010000000010000010011111111111101101111111011111001000000001101001111111111010011110000000001011111
         21 1111111010110000000000001001111011111111111001000000000001011001111111101010101100000000001101111111111111110001000000000010110111111111111101110000000000100101111111111111101000000000001010001111111111110111000000000010100111111111111110100000000000011110
         22 0000000000111010111111111100010100000000010010001111111110110011000000000110111011111111100010000000000011100110111111111101101011111111010101000000000101111000111111110111010100000000110101011111111100100000111111111010011111111111110100110000000001010011
         23 0000000000010111111111101110111100000000001110001111111111101111000000000000011011111111111111010000000000010011111111111111011000000000000101111111111111110110000000000001101011111111111100110000000000011000111111111110111000000000010001111111111111001000
         24 0000000000000000000000000000001000000000000010000000000000001011000000000000101100000000000010000000000000001011000000000000010000000000000010100000000000000101000000000010011011111111111101011111111111100010000000010100101000000000000100101111111111111101
         25 0000000000001011111111101001101100000000000000110000000000010111000000000111100011111110011001000000000000000110000000010001010000000000000010100000000000010110000000000000100000000000000101000000000000001000000000000001011000000000001000010000000000100000
         26 1111111111101100000000000001001111111111111011000000000000101101111111111110110100000000001011011111111111110001000000000010101111111110110111111111111101011011111111111111101000000000001100111111111101010101000000010000101111111111111111000000000000011100
         27 0000000001000101111111110111010100000000011001100000000010111010111111111001001100000000011110101111111110101000000000000110111111111111110001110000000001011100111111111100110100000000010011001111111111001011000000000100010111111111110111100000000000111010
         28 0000000010001101111111111011100100000000100100001111111110100001000000001011110011111111100100000000000011110111111111110101001000000000011110111111111111110001000000010000101011111110111011011111111110010111000000001000001111111110111110111111111111010101
         29 1111111001001110111111111110101100000000010101001111111111101010111111111010110111111111010100100000000001100000111111111101111100000000010110111111111111010111000000000110001011111111110101100000000001101101111111111101001000000000011110111111111110111101
         30 0000000000111110000000000000010000000000001111110000000000000001000000000011011111111111111111110000000000111000111111111111100100000000010011010000000001000101000000000011101111111111111100111111111000110101111111111110111100000000010011111111111111101011
         31 0000000001011111111111110100101100000000000011100000000000010100000000000001000100000000001000110000000000110111000000000000100000000000001100110000000000000011000000000010111000000000000010100000000000110010000000000000100100000000001111101111111111111101
